0.06919312477111816
0.06741499900817871
0.07856249809265137
0.06247687339782715
0.08079099655151367
0.07004451751708984
0.0831749439239502
0.0586848258972168
0.07367682456970215
0.060474395751953125
0.06533169746398926
0.07745480537414551
0.0706937313079834
0.06491661071777344
0.06472969055175781
0.0664668083190918
0.0636892318725586
0.0779111385345459
0.07497811317443848
0.06761741638183594
0.07492756843566895
0.07235574722290039
0.06940770149230957
0.07011938095092773
0.06040453910827637
0.0635833740234375
0.06988239288330078
0.06224393844604492
0.07505035400390625
0.07126235961914062
0.07818388938903809
0.06478095054626465
0.07418251037597656
0.07432436943054199
0.06828904151916504
0.07204461097717285
0.06640744209289551
0.06711649894714355
0.05849504470825195
0.07487010955810547
0.06867790222167969
0.07622766494750977
0.06778573989868164
0.0753946304321289
0.06749367713928223
0.06744003295898438
0.07111096382141113
0.06704497337341309
0.08632278442382812
0.0668325424194336
0.07295989990234375
0.07378077507019043
0.07010936737060547
0.0640261173248291
0.06841850280761719
0.0654597282409668
0.07575559616088867
0.05919480323791504
0.06578540802001953
0.06772065162658691
0.16927051544189453
0.08137035369873047
0.0675051212310791
0.06642556190490723
0.07033967971801758
0.06881213188171387
0.0684809684753418
0.07147622108459473
0.0792994499206543
0.0712118148803711
0.07217836380004883
0.07829070091247559
0.07206344604492188
0.0764310359954834
0.06285595893859863
0.06904482841491699
0.06531453132629395
0.06657814979553223
0.06514787673950195
0.06811022758483887
0.07207870483398438
0.07123446464538574
0.07439541816711426
0.06609821319580078
0.07006597518920898
0.0623469352722168
0.06685781478881836
0.0702214241027832
0.07209110260009766
0.06352519989013672
0.06978631019592285
0.06762933731079102
0.07466244697570801
0.0658102035522461
0.06725645065307617
0.07084059715270996
0.07796764373779297
0.07529187202453613
0.06958150863647461
0.07373714447021484
0.06553459167480469
0.06949543952941895
0.07756233215332031
0.07233190536499023
0.06350922584533691
0.0697627067565918
0.06847763061523438
0.06898140907287598
0.08298301696777344
0.08610820770263672
0.07102227210998535
0.07721471786499023
0.06406521797180176
0.0677499771118164
0.07958149909973145
0.08268117904663086
0.06668519973754883
0.06817054748535156
0.06965041160583496
0.06738996505737305
0.08016324043273926
0.08025646209716797
0.0675039291381836
0.06784844398498535
0.07072329521179199
0.0664052963256836
0.07559561729431152
0.05898547172546387
0.07148361206054688
0.07178783416748047
0.07861542701721191
0.06695914268493652
0.08186507225036621
0.06400108337402344
0.06820344924926758
0.07903695106506348
0.07394719123840332
0.07721519470214844
0.06741571426391602
0.06561136245727539
0.059519290924072266
0.07692146301269531
0.06147170066833496
0.0697169303894043
0.07680511474609375
0.0782160758972168
0.0659337043762207
0.07780671119689941
0.0822458267211914
0.21815037727355957
0.07031488418579102
0.08398747444152832
0.06892895698547363
0.08220100402832031
0.08176636695861816
0.0810232162475586
0.07690882682800293
0.0733332633972168
0.0919044017791748
0.08292126655578613
0.07013630867004395
0.06783199310302734
0.07116365432739258
0.07455253601074219
0.0823523998260498
0.06940579414367676
0.06580209732055664
0.06199789047241211
0.07538008689880371
0.08061075210571289
0.07370138168334961
0.06731963157653809
0.07100820541381836
0.07563018798828125
0.09119796752929688
0.07461380958557129
0.06724762916564941
0.07512021064758301
0.0816352367401123
0.0729837417602539
0.07556629180908203
0.06850719451904297
0.06755518913269043
0.08553719520568848
0.07598567008972168
0.06874322891235352
0.07604694366455078
0.06702899932861328
0.07309627532958984
0.0706787109375
0.06963849067687988
0.0710601806640625
0.06483793258666992
0.06338834762573242
0.06315422058105469
0.06528735160827637
0.0711512565612793
0.07120442390441895
0.062308549880981445
0.07659316062927246
200 requests in 14.509997367858887 seconds
Requests per second: 13.783600019323247
failed : 0
