0.06909751892089844
0.06972312927246094
0.07203364372253418
0.0788884162902832
0.06389927864074707
0.06454777717590332
0.06853604316711426
0.08176231384277344
0.08319664001464844
0.07079243659973145
0.06710386276245117
0.06802988052368164
0.06305122375488281
0.06036210060119629
0.07189726829528809
0.06527137756347656
0.1025843620300293
0.12595844268798828
0.0717618465423584
0.09328508377075195
0.07439470291137695
0.07853126525878906
0.07628917694091797
0.11160492897033691
0.11300921440124512
0.07714390754699707
0.07304835319519043
0.06279349327087402
0.06817817687988281
0.08197474479675293
0.09180164337158203
0.07097053527832031
0.07757019996643066
0.0758359432220459
0.07146811485290527
0.07332110404968262
0.0671837329864502
0.07744908332824707
0.1627945899963379
0.3484368324279785
0.06914782524108887
0.07451295852661133
0.06525516510009766
0.13551044464111328
0.30712342262268066
0.0659787654876709
0.07752513885498047
0.06086921691894531
0.06881475448608398
0.4113121032714844
0.06183362007141113
0.06476116180419922
0.07893729209899902
0.07630729675292969
0.4102349281311035
0.3064308166503906
0.06680631637573242
0.0656280517578125
0.1850740909576416
0.3073298931121826
0.15674924850463867
0.06863784790039062
0.06179666519165039
0.1095278263092041
0.26645636558532715
0.3165555000305176
0.07047772407531738
0.06307506561279297
0.19515323638916016
0.31463146209716797
0.06432676315307617
0.06704020500183105
0.07066798210144043
0.10624480247497559
0.07293438911437988
0.07177329063415527
0.07364463806152344
0.06528759002685547
0.06151723861694336
0.07017040252685547
0.07267451286315918
0.19633817672729492
0.0628514289855957
0.22870588302612305
0.05891156196594238
0.08028578758239746
0.07598757743835449
0.0685570240020752
0.059932708740234375
0.07689690589904785
0.07899928092956543
0.06206035614013672
0.06829690933227539
0.30600953102111816
0.07681584358215332
0.05633282661437988
0.06749391555786133
0.06743788719177246
0.3648099899291992
0.0702066421508789
0.07605838775634766
0.07585930824279785
0.0738990306854248
0.39401865005493164
0.32132959365844727
0.06668257713317871
0.07285547256469727
0.07373857498168945
0.061441898345947266
0.4130818843841553
0.061864376068115234
0.07367110252380371
0.06779766082763672
0.07297420501708984
0.07536435127258301
0.06437397003173828
0.08364081382751465
0.08880758285522461
0.45719408988952637
0.0718526840209961
0.08317422866821289
0.14929628372192383
0.07815289497375488
0.07708358764648438
0.255169153213501
0.3055419921875
0.06221890449523926
0.2887554168701172
0.06186628341674805
0.25417661666870117
0.07752728462219238
0.2758674621582031
0.07725739479064941
0.2284989356994629
0.06962323188781738
0.06812310218811035
0.06704354286193848
0.07742547988891602
0.06766486167907715
0.0680243968963623
0.07968688011169434
0.07787156105041504
0.0736532211303711
0.3501622676849365
0.06810736656188965
0.06989407539367676
0.09810113906860352
0.07781028747558594
0.3399930000305176
0.06691861152648926
0.07136058807373047
0.07961153984069824
0.06857919692993164
0.33148741722106934
0.08751034736633301
0.24987459182739258
0.07554793357849121
0.06748080253601074
0.08164262771606445
0.07354879379272461
0.0699775218963623
0.07165002822875977
0.06941843032836914
0.06842374801635742
0.06820130348205566
0.0779569149017334
0.07753968238830566
0.06763958930969238
0.07578611373901367
0.06239628791809082
0.0707705020904541
0.23116540908813477
0.25626158714294434
0.06914019584655762
0.20216727256774902
0.20563840866088867
0.06653738021850586
0.14162516593933105
0.07021021842956543
0.06819963455200195
0.0750112533569336
0.18000268936157227
0.18839669227600098
0.07277441024780273
0.15845990180969238
0.0787506103515625
0.07370829582214355
0.07591819763183594
0.07433366775512695
0.06648898124694824
0.19795489311218262
0.061844587326049805
0.06200242042541504
0.07312870025634766
0.06604981422424316
0.06949591636657715
0.07620954513549805
0.06993770599365234
0.0689845085144043
0.07129764556884766
200 requests in 22.83550500869751 seconds
Requests per second: 8.758291087664787
failed : 0
