0.07036352157592773
0.06970810890197754
0.06826186180114746
0.06439495086669922
0.06925654411315918
0.08183574676513672
0.0731966495513916
0.06376886367797852
0.07198500633239746
0.08398723602294922
0.07015132904052734
0.0704648494720459
0.07601785659790039
0.0812826156616211
0.0672144889831543
0.06984663009643555
0.06759095191955566
0.07375454902648926
0.13183069229125977
0.07482147216796875
0.07815122604370117
0.07534313201904297
0.07275271415710449
0.0724029541015625
0.07546329498291016
0.0691523551940918
0.06949853897094727
0.09210205078125
0.062241315841674805
0.07497406005859375
0.07163238525390625
0.06713294982910156
0.08127665519714355
0.06801414489746094
0.06976485252380371
0.07915735244750977
0.07062554359436035
0.06942439079284668
0.07376289367675781
0.071044921875
0.06595993041992188
0.10245156288146973
0.0704491138458252
0.07194209098815918
0.11461591720581055
0.07514262199401855
0.07502508163452148
0.07347655296325684
0.11097145080566406
0.0949411392211914
0.06787610054016113
0.0722048282623291
0.07534623146057129
0.08052706718444824
0.07456827163696289
0.07082867622375488
0.07050204277038574
0.07277488708496094
0.07042241096496582
0.12569046020507812
0.08051395416259766
0.07041358947753906
0.0768730640411377
0.07810401916503906
0.09753942489624023
0.060658931732177734
0.11741185188293457
0.07430100440979004
0.06819629669189453
0.12113404273986816
0.07366108894348145
0.07074165344238281
0.07459402084350586
0.07386660575866699
0.06135153770446777
0.095947265625
0.07108497619628906
0.06836485862731934
0.07121062278747559
0.07057523727416992
0.06419014930725098
0.06600189208984375
0.12298107147216797
0.0816650390625
0.07437825202941895
0.06564068794250488
0.08430886268615723
0.07750821113586426
0.09167861938476562
0.0797276496887207
0.0694265365600586
0.06324243545532227
0.07381963729858398
0.0786888599395752
0.09379053115844727
0.06097412109375
0.06914162635803223
0.060939788818359375
0.07415580749511719
0.08632183074951172
0.10224175453186035
0.07102036476135254
0.12175226211547852
0.07244873046875
0.06746459007263184
0.07410144805908203
0.06340694427490234
0.06155753135681152
0.06903648376464844
0.07211470603942871
0.08325433731079102
0.0699000358581543
0.06258702278137207
0.0712277889251709
0.062161922454833984
0.07777786254882812
0.07395029067993164
0.07244467735290527
0.06528615951538086
0.0668632984161377
0.06340360641479492
0.07531595230102539
0.0661773681640625
0.06170201301574707
0.07503128051757812
0.06419539451599121
0.0755155086517334
0.06546497344970703
0.06647276878356934
0.07281279563903809
0.07038116455078125
0.07062959671020508
0.0671536922454834
0.06893706321716309
0.06839489936828613
0.06420540809631348
0.07724690437316895
0.06997895240783691
0.07154464721679688
0.06287932395935059
0.07104301452636719
0.0646357536315918
0.061254024505615234
0.07806825637817383
0.06376481056213379
0.0700235366821289
0.0810692310333252
0.06850099563598633
0.07330107688903809
0.06503868103027344
0.17917823791503906
0.06116771697998047
0.07228827476501465
0.07499170303344727
0.06306648254394531
0.06559324264526367
0.06615710258483887
0.06816506385803223
0.07364153861999512
0.06578755378723145
0.06299805641174316
0.06588554382324219
0.07342529296875
0.06451749801635742
0.07814884185791016
0.0712575912475586
0.0641489028930664
0.07480812072753906
0.07488560676574707
0.078643798828125
0.06723952293395996
0.07145214080810547
0.06638193130493164
0.07274699211120605
0.06157517433166504
0.06886887550354004
0.0655677318572998
0.06437015533447266
0.06560778617858887
0.06463074684143066
0.06959962844848633
0.06419777870178223
0.0642392635345459
0.06962418556213379
0.06812524795532227
0.06240034103393555
0.07221603393554688
0.06898736953735352
0.07375788688659668
0.07264590263366699
0.0751807689666748
0.061691999435424805
0.06281638145446777
0.06517553329467773
0.06151556968688965
0.07210516929626465
0.06487727165222168
0.07496500015258789
0.06620025634765625
0.06948184967041016
200 requests in 14.801933526992798 seconds
Requests per second: 13.5117482885111
failed : 0
