0.0665738582611084
0.08235597610473633
0.06733870506286621
0.0805668830871582
0.06774044036865234
0.06573104858398438
0.08142304420471191
0.07958459854125977
0.07340192794799805
0.0707547664642334
0.07385468482971191
0.06694746017456055
0.08609795570373535
0.06313514709472656
0.07203865051269531
0.07252907752990723
0.08223176002502441
0.06811404228210449
0.0744771957397461
0.06805109977722168
0.09578108787536621
0.09436607360839844
0.07532119750976562
0.06166481971740723
0.06814980506896973
0.15885305404663086
0.20464277267456055
0.06545162200927734
0.06773185729980469
0.08430171012878418
0.16013669967651367
0.06764578819274902
0.10452413558959961
0.18545246124267578
0.07039642333984375
0.0792088508605957
0.08100581169128418
0.07939577102661133
0.07758831977844238
0.19155287742614746
0.07889986038208008
0.059072256088256836
0.06339859962463379
0.35650634765625
0.15779638290405273
0.07430219650268555
0.13230323791503906
0.07392501831054688
0.1049184799194336
0.18872499465942383
0.06861424446105957
0.06628799438476562
0.23218345642089844
0.0693049430847168
0.06553840637207031
0.06874418258666992
0.18607759475708008
0.07465863227844238
0.06982254981994629
0.06811714172363281
0.16380739212036133
0.06908035278320312
0.08039021492004395
0.2835688591003418
0.06847906112670898
0.1182565689086914
0.07403039932250977
0.115264892578125
0.1893777847290039
0.21311545372009277
0.0703439712524414
0.06245899200439453
0.0730292797088623
0.2055525779724121
0.21292948722839355
0.07445502281188965
0.13897252082824707
0.06338214874267578
0.07136893272399902
0.076263427734375
0.0677039623260498
0.2846686840057373
0.07759356498718262
0.07275795936584473
0.07784461975097656
0.07550883293151855
0.06726956367492676
0.06737995147705078
0.07374238967895508
0.2265157699584961
0.07391858100891113
0.15660834312438965
0.06797957420349121
0.19184207916259766
0.232712984085083
0.07330846786499023
0.07098054885864258
0.16386628150939941
0.22701501846313477
0.06761860847473145
0.18515229225158691
0.06041073799133301
0.14783215522766113
0.07866954803466797
0.10825133323669434
0.06843256950378418
0.0986032485961914
0.06379461288452148
0.07236385345458984
0.11412620544433594
0.07670760154724121
0.0812079906463623
0.09695076942443848
0.08199024200439453
0.07818913459777832
0.0689094066619873
0.10367894172668457
0.08045578002929688
0.05927133560180664
0.10080528259277344
0.07772517204284668
0.06425142288208008
0.07219600677490234
0.07249283790588379
0.0663309097290039
0.06429576873779297
0.08208441734313965
0.06508970260620117
0.0694122314453125
0.09703922271728516
0.07454919815063477
0.06086254119873047
0.06065821647644043
0.09611296653747559
0.07273173332214355
0.06483793258666992
0.08372116088867188
0.09958910942077637
0.0654289722442627
0.06797051429748535
0.06633901596069336
0.06110668182373047
0.09167289733886719
0.08592391014099121
0.07221388816833496
0.0759882926940918
0.08594775199890137
0.07564973831176758
0.07407236099243164
0.06252717971801758
0.06908130645751953
0.08299732208251953
0.06914258003234863
0.0757894515991211
0.07831406593322754
0.06166195869445801
0.06532573699951172
0.13875985145568848
0.06702017784118652
0.07187652587890625
0.09444260597229004
0.09588336944580078
0.08057975769042969
0.06885242462158203
0.0758199691772461
0.07487916946411133
0.0622258186340332
0.06991434097290039
0.09559822082519531
0.09177398681640625
0.11879086494445801
0.06894993782043457
0.0631711483001709
0.10021734237670898
0.06395101547241211
0.07714104652404785
0.07262325286865234
0.06704163551330566
0.0683438777923584
0.0780174732208252
0.06934571266174316
0.06761360168457031
0.06408882141113281
0.07935857772827148
0.06285619735717773
0.08353686332702637
0.06834197044372559
0.06677460670471191
0.07527875900268555
0.07496356964111328
0.06555652618408203
0.07453179359436035
0.0644078254699707
0.0700528621673584
0.07550215721130371
0.062424659729003906
0.06884574890136719
0.06688690185546875
0.0709996223449707
0.06853151321411133
200 requests in 18.464257955551147 seconds
Requests per second: 10.831737754176654
failed : 0
