0.07061982154846191
0.06421756744384766
0.08488011360168457
0.1333305835723877
0.11350131034851074
0.06821870803833008
0.05989551544189453
0.07435083389282227
0.06431722640991211
0.0784447193145752
0.06840777397155762
0.0672903060913086
0.06408834457397461
0.07738566398620605
0.07029414176940918
0.053595542907714844
0.07038092613220215
0.06563258171081543
0.06871199607849121
0.07421469688415527
0.07725071907043457
0.07136034965515137
0.06418085098266602
0.061684608459472656
0.06924080848693848
0.0721292495727539
0.06884217262268066
0.07311296463012695
0.0755147933959961
0.07338213920593262
0.0790097713470459
0.14164972305297852
0.06449246406555176
0.07798552513122559
0.07489204406738281
0.07919430732727051
0.07767319679260254
0.06928181648254395
0.07410454750061035
0.06412839889526367
0.07073044776916504
0.07223939895629883
0.08310842514038086
0.06917643547058105
0.0706784725189209
0.06615304946899414
0.08926033973693848
0.09173583984375
0.07323074340820312
0.06863141059875488
0.07643795013427734
0.06901669502258301
0.06850171089172363
0.07551312446594238
0.06751585006713867
0.062371253967285156
0.07229995727539062
0.06563520431518555
0.06659746170043945
0.06391215324401855
0.0709679126739502
0.06177544593811035
0.06873035430908203
0.0727546215057373
0.05636453628540039
0.09175300598144531
0.06247305870056152
0.06393265724182129
0.0762183666229248
0.09030675888061523
0.06746029853820801
0.06279206275939941
0.07795143127441406
0.07390952110290527
0.07180905342102051
0.0649561882019043
0.07311153411865234
0.08137321472167969
0.0711514949798584
0.08508634567260742
0.06816434860229492
0.0810995101928711
0.07458138465881348
0.08069348335266113
0.07531070709228516
0.08414101600646973
0.07142901420593262
0.08008313179016113
0.06173205375671387
0.06200861930847168
0.07586336135864258
0.06962180137634277
0.08864188194274902
0.06804490089416504
0.07971358299255371
0.0767219066619873
0.08063387870788574
0.07615852355957031
0.08026933670043945
0.07819962501525879
0.06684064865112305
0.07445073127746582
0.07287764549255371
0.06853342056274414
0.0696570873260498
0.06663870811462402
0.08932209014892578
0.06498908996582031
0.07734322547912598
0.07371735572814941
0.0789330005645752
0.0759267807006836
0.07065844535827637
0.06913495063781738
0.06990242004394531
0.07437992095947266
0.06076788902282715
0.08057332038879395
0.06477928161621094
0.07765507698059082
0.07412052154541016
0.07944607734680176
0.08164525032043457
0.08536362648010254
0.08877825736999512
0.06826233863830566
0.08217620849609375
0.07868671417236328
0.07716751098632812
0.0718994140625
0.0780344009399414
0.07566189765930176
0.0819864273071289
0.07074403762817383
0.07118678092956543
0.08171892166137695
0.07915902137756348
0.08416223526000977
0.0812692642211914
0.07690310478210449
0.08812570571899414
0.07662677764892578
0.07325291633605957
0.14281105995178223
0.10652041435241699
1.3390562534332275
0.0905613899230957
0.0846400260925293
0.0804743766784668
0.07697772979736328
0.07833170890808105
0.08332538604736328
0.07652544975280762
0.08484911918640137
0.08588290214538574
0.07578563690185547
0.08870887756347656
0.07376599311828613
0.08658289909362793
0.06871652603149414
0.0903928279876709
0.08594298362731934
0.10296130180358887
0.12050056457519531
0.10562014579772949
0.06580185890197754
0.10142087936401367
0.08852624893188477
0.07812070846557617
0.08916425704956055
0.07735538482666016
0.08014941215515137
0.088775634765625
0.06815052032470703
0.1025550365447998
0.10031914710998535
0.08821368217468262
0.0895838737487793
0.07783675193786621
0.07964539527893066
0.06879901885986328
0.0811319351196289
0.11066865921020508
0.09009313583374023
0.08559513092041016
0.08830380439758301
0.09527397155761719
0.09978199005126953
1.096811056137085
0.08366632461547852
0.08638620376586914
0.08874869346618652
0.08161067962646484
0.09177923202514648
0.06773161888122559
0.09207677841186523
0.0726172924041748
0.07784008979797363
0.07963848114013672
0.07091617584228516
200 requests in 17.874910593032837 seconds
Requests per second: 11.18886715315682
failed : 0
