0.07114553451538086
0.15760564804077148
0.07326436042785645
0.15703392028808594
0.06607937812805176
0.06940913200378418
0.06566476821899414
0.06757879257202148
0.11034941673278809
0.07643604278564453
0.06425666809082031
0.07016634941101074
0.062476396560668945
0.08999037742614746
0.06676173210144043
0.06761288642883301
0.07650566101074219
0.06070876121520996
0.06331324577331543
0.07607364654541016
0.06784677505493164
0.0683438777923584
0.0654301643371582
0.06958866119384766
0.06851887702941895
0.06804656982421875
0.0674443244934082
0.06373262405395508
0.06567525863647461
0.06254887580871582
0.0715484619140625
0.07120347023010254
0.06661105155944824
0.05800056457519531
0.06680417060852051
0.0718085765838623
0.060597896575927734
0.06131744384765625
0.06403851509094238
0.06958150863647461
0.06614494323730469
0.06491446495056152
0.06863164901733398
0.07277989387512207
0.07126116752624512
0.07120227813720703
0.06380271911621094
0.060660600662231445
0.0783083438873291
0.06738090515136719
0.06747174263000488
0.07112455368041992
0.06085205078125
0.06734228134155273
0.0708308219909668
0.07569456100463867
0.07105398178100586
0.07013630867004395
0.07294750213623047
0.06601619720458984
0.07603240013122559
0.06752729415893555
0.08240365982055664
0.08869576454162598
0.07124161720275879
0.08057856559753418
0.06772160530090332
0.06504988670349121
0.06412363052368164
0.06382298469543457
0.07047343254089355
0.07641148567199707
0.07110047340393066
0.06887316703796387
0.07918953895568848
0.0669407844543457
0.07137155532836914
0.07747364044189453
0.07564830780029297
0.08493900299072266
0.07376933097839355
0.07560586929321289
0.06362366676330566
0.07335042953491211
0.06904125213623047
0.12412595748901367
0.07757139205932617
0.07449579238891602
0.08022332191467285
0.0748739242553711
0.07517194747924805
0.07076120376586914
0.07840371131896973
0.06414675712585449
0.07964611053466797
0.14657974243164062
0.06238365173339844
0.07560396194458008
0.06823444366455078
0.07993769645690918
0.08056163787841797
0.06859898567199707
0.08086323738098145
0.07256841659545898
0.06820845603942871
0.07140684127807617
0.07466530799865723
0.07878804206848145
0.08397698402404785
0.13841533660888672
0.06632256507873535
0.08235311508178711
0.0727071762084961
0.07168841361999512
0.07921457290649414
0.08085393905639648
0.07558226585388184
0.0760807991027832
0.08046770095825195
0.08736729621887207
0.07430458068847656
0.07112002372741699
0.07446503639221191
0.09711122512817383
0.0770256519317627
0.09213948249816895
0.07265424728393555
0.08847188949584961
0.08194446563720703
0.08337235450744629
0.06879639625549316
0.09159278869628906
0.0740666389465332
0.07953047752380371
0.08055305480957031
0.0784006118774414
0.07406497001647949
0.0703420639038086
0.09128522872924805
0.0707850456237793
0.08402872085571289
0.09687328338623047
0.07504391670227051
0.08704733848571777
0.07158374786376953
0.07725715637207031
0.11220288276672363
0.08745193481445312
0.08256888389587402
0.08178520202636719
0.0869143009185791
0.09862542152404785
0.09679031372070312
0.08572912216186523
0.09393811225891113
0.0800943374633789
0.07957839965820312
0.08064532279968262
0.09378838539123535
0.0847775936126709
0.0909280776977539
0.08673095703125
0.10073089599609375
0.08988523483276367
0.09587311744689941
0.10059857368469238
0.09084725379943848
0.08159780502319336
0.06943678855895996
0.08158016204833984
0.08834052085876465
0.1024932861328125
0.09971785545349121
0.0929563045501709
0.09035873413085938
0.0905153751373291
0.09407520294189453
0.07963943481445312
0.09486913681030273
0.11192750930786133
0.08853673934936523
0.10094475746154785
0.0827791690826416
0.11706233024597168
0.1110992431640625
0.09883666038513184
0.10571074485778809
0.0932626724243164
0.0893254280090332
0.10581803321838379
0.12653708457946777
0.09839487075805664
0.11520266532897949
0.11168622970581055
0.09509587287902832
0.1026923656463623
0.09018230438232422
0.11532235145568848
0.0805356502532959
0.14574623107910156
200 requests in 16.209412813186646 seconds
Requests per second: 12.338509871085302
failed : 0
