0.11176228523254395
0.11085772514343262
0.10933375358581543
0.10461544990539551
0.11452364921569824
0.10241198539733887
0.10757613182067871
0.10436344146728516
0.10370779037475586
0.10399746894836426
0.1084740161895752
0.11539125442504883
0.11603355407714844
0.16501855850219727
0.16106677055358887
0.10838437080383301
0.19923686981201172
0.23285531997680664
0.310347318649292
0.34304165840148926
0.3041269779205322
0.313030481338501
0.510303258895874
0.3059389591217041
0.3294553756713867
0.321835994720459
0.3084268569946289
0.3092164993286133
0.13879680633544922
0.31923627853393555
0.30328965187072754
0.49775099754333496
0.30140185356140137
0.30573248863220215
0.30492448806762695
0.32544684410095215
0.3125286102294922
0.1128842830657959
0.34139561653137207
0.3093736171722412
0.31142330169677734
0.3194570541381836
0.32055139541625977
0.3077218532562256
0.30347132682800293
0.31243419647216797
0.3158543109893799
0.3072776794433594
0.32341980934143066
0.3120412826538086
0.3360610008239746
0.30897092819213867
0.30127906799316406
0.30695533752441406
0.374861478805542
0.31034398078918457
0.3154432773590088
0.11393427848815918
0.305621862411499
0.3105287551879883
0.3016529083251953
0.293778657913208
0.11566686630249023
0.2925426959991455
0.2956421375274658
0.3014223575592041
0.29029321670532227
0.3024630546569824
0.3019678592681885
0.29665398597717285
0.304506778717041
0.31367063522338867
0.252152681350708
0.3069310188293457
0.29363369941711426
0.3579216003417969
0.3074066638946533
0.3133504390716553
0.32883667945861816
0.11102676391601562
0.307614803314209
0.3022451400756836
0.3150010108947754
0.3107476234436035
0.3007066249847412
0.30617284774780273
0.31261277198791504
0.3017408847808838
0.33737659454345703
0.11314606666564941
0.30492448806762695
0.2986443042755127
0.2958536148071289
0.30942702293395996
0.31989097595214844
0.3114917278289795
0.30304861068725586
0.30301618576049805
0.30651426315307617
0.3379201889038086
0.3215620517730713
0.1580052375793457
0.29695987701416016
0.12975406646728516
0.3074076175689697
0.30143070220947266
0.3605523109436035
0.30615758895874023
0.3142843246459961
0.31585025787353516
0.11168456077575684
0.3054769039154053
0.2991056442260742
0.300997257232666
0.3047373294830322
0.10643720626831055
0.30518269538879395
0.29508352279663086
0.10714888572692871
0.3167562484741211
0.30879712104797363
0.34086036682128906
0.33420658111572266
0.31229233741760254
0.4565854072570801
0.30844902992248535
0.3215951919555664
0.3387789726257324
0.34182262420654297
0.1170952320098877
0.36729884147644043
0.33083200454711914
0.3123455047607422
0.3150515556335449
0.31928348541259766
0.3174300193786621
0.30545711517333984
0.32177066802978516
0.32369303703308105
0.3253355026245117
0.3567934036254883
0.332273006439209
0.32039856910705566
0.3498227596282959
0.12734651565551758
0.3206186294555664
0.34609365463256836
0.33152341842651367
0.323962926864624
0.1259748935699463
0.3196864128112793
0.31752920150756836
0.31948089599609375
0.3060441017150879
0.11840629577636719
0.3058006763458252
0.3189048767089844
0.37012243270874023
0.3114745616912842
0.3285806179046631
0.32222580909729004
0.3219616413116455
0.30802059173583984
0.3350563049316406
0.31340599060058594
0.3142819404602051
0.3164680004119873
0.334369421005249
0.3143031597137451
0.34413909912109375
0.3119804859161377
0.3094456195831299
0.3680086135864258
0.326432466506958
0.304110050201416
0.3748798370361328
0.31661295890808105
0.2932617664337158
0.31040191650390625
0.2845149040222168
0.298051118850708
0.28432273864746094
0.32952094078063965
0.30281734466552734
0.29633021354675293
0.2891695499420166
0.29517316818237305
0.3007640838623047
0.3387115001678467
0.30756235122680664
0.29652976989746094
0.32590174674987793
0.3172595500946045
0.307692289352417
0.30761122703552246
0.315183162689209
0.3061971664428711
0.3130462169647217
0.3252246379852295
0.3249187469482422
200 requests in 57.24927353858948 seconds
Requests per second: 3.4934941115923137
failed : 0
