0.20604300498962402
0.11061692237854004
0.10498237609863281
0.10402441024780273
0.11311554908752441
0.1131134033203125
0.10815691947937012
0.11875724792480469
0.17949342727661133
0.17734932899475098
0.1805744171142578
0.17131710052490234
0.16755127906799316
0.17585062980651855
0.1138617992401123
0.24257779121398926
0.16338157653808594
0.16977310180664062
0.16332435607910156
0.16710376739501953
0.1033945083618164
0.2027418613433838
0.10805344581604004
0.10806918144226074
0.10867738723754883
0.10700345039367676
0.17261385917663574
0.10809493064880371
0.17123889923095703
0.1616663932800293
0.16429615020751953
0.15916752815246582
0.16853952407836914
0.12153840065002441
0.15983033180236816
0.17289972305297852
0.13195109367370605
0.1580333709716797
0.15546035766601562
0.1678450107574463
0.16272711753845215
0.10545229911804199
0.15792489051818848
0.15869545936584473
0.16332578659057617
0.11829352378845215
0.16309285163879395
0.16066646575927734
0.19289350509643555
0.16257381439208984
0.16704893112182617
0.1605992317199707
0.16141700744628906
0.16636967658996582
0.16824889183044434
0.17847871780395508
0.1654198169708252
0.16764211654663086
0.16974163055419922
0.11340808868408203
0.16413307189941406
0.16076302528381348
0.16997504234313965
0.16623830795288086
0.16916418075561523
0.17322993278503418
0.18027234077453613
0.11586380004882812
0.18868780136108398
0.17266297340393066
0.2693800926208496
0.18198609352111816
0.17775225639343262
0.11266565322875977
0.11638331413269043
0.1846754550933838
0.17856216430664062
0.17575740814208984
0.2161574363708496
0.18132472038269043
0.17393136024475098
0.12166357040405273
0.11175107955932617
0.11966419219970703
0.12089848518371582
0.12260985374450684
0.17676234245300293
0.17679190635681152
0.17946171760559082
0.0965871810913086
0.1277165412902832
0.1137697696685791
0.12346386909484863
0.11043715476989746
0.11628270149230957
0.12173652648925781
0.10738158226013184
0.17867159843444824
0.17789220809936523
0.17833161354064941
0.1929001808166504
0.13215923309326172
0.1575484275817871
0.16848969459533691
0.11197161674499512
0.11484217643737793
0.1071624755859375
0.2046501636505127
0.16161489486694336
0.16504764556884766
0.1649456024169922
0.10876083374023438
0.3345763683319092
0.21512699127197266
0.15604758262634277
0.15886163711547852
0.18390583992004395
0.1740272045135498
0.1827239990234375
0.17414164543151855
0.10222816467285156
0.17601823806762695
0.09552145004272461
0.2335519790649414
0.1828155517578125
0.11183595657348633
0.1820542812347412
0.10284829139709473
0.1693439483642578
0.17372918128967285
0.19191265106201172
0.17978334426879883
0.16622400283813477
0.16766810417175293
0.11513113975524902
0.16935396194458008
0.17057347297668457
0.17338228225708008
0.17006254196166992
0.11574983596801758
0.168304443359375
0.16933870315551758
0.20870590209960938
0.18872475624084473
0.17990994453430176
0.17620444297790527
0.17544150352478027
0.19673562049865723
0.11412453651428223
0.11929965019226074
0.11109519004821777
0.17235755920410156
0.17734909057617188
0.17435503005981445
0.17768239974975586
0.10942363739013672
0.1849076747894287
0.11627912521362305
0.17531776428222656
0.17269253730773926
0.20626497268676758
0.16869354248046875
0.17673230171203613
0.1708965301513672
0.11587810516357422
0.11414504051208496
0.16761016845703125
0.18580865859985352
0.17156147956848145
0.1725142002105713
0.1059274673461914
0.1927506923675537
0.21094775199890137
0.1889352798461914
0.17430615425109863
0.11698150634765625
0.17921876907348633
0.1744709014892578
0.1708536148071289
0.18965458869934082
0.17958664894104004
0.17130708694458008
0.09979963302612305
0.17618560791015625
0.17521929740905762
0.18293333053588867
0.17545437812805176
0.1077880859375
0.1810591220855713
0.1749575138092041
0.17309975624084473
0.17880868911743164
0.16936731338500977
0.10497426986694336
0.12783241271972656
0.11187076568603516
0.1545710563659668
0.17965006828308105
0.1815662384033203
0.7392957210540771
200 requests in 32.22833442687988 seconds
Requests per second: 6.205719394334912
failed : 0
