0.13513422012329102
0.12035226821899414
0.1145625114440918
0.1087186336517334
0.10848450660705566
0.1084139347076416
0.09968066215515137
0.12362384796142578
0.19173884391784668
0.10764431953430176
0.10446381568908691
0.10494470596313477
0.10740089416503906
0.10701107978820801
0.10569453239440918
0.11174225807189941
0.10995864868164062
0.11364078521728516
0.1044926643371582
0.10695266723632812
0.14259648323059082
0.10190033912658691
0.10052609443664551
0.10444450378417969
0.10941839218139648
0.10502028465270996
0.1072397232055664
0.09932351112365723
0.11191225051879883
0.10864019393920898
0.12730145454406738
0.1384258270263672
0.11865568161010742
0.14108490943908691
0.13170123100280762
0.12161731719970703
0.1356031894683838
0.12148785591125488
0.13209843635559082
0.1232457160949707
0.1286942958831787
0.1380162239074707
0.12198019027709961
0.13931560516357422
0.13973379135131836
0.11314916610717773
0.13889217376708984
0.13818359375
0.11195516586303711
0.14214086532592773
0.11828899383544922
0.12901020050048828
0.1183164119720459
0.11840534210205078
0.1222224235534668
0.15552616119384766
0.1341862678527832
0.12972044944763184
0.125197172164917
0.1263580322265625
0.13720917701721191
0.13106393814086914
0.12273001670837402
0.13294291496276855
0.12652945518493652
0.13089632987976074
0.13435006141662598
0.12623000144958496
0.12407279014587402
0.1560535430908203
0.13016915321350098
0.14300966262817383
0.12390875816345215
0.11317276954650879
0.11970400810241699
0.12620925903320312
0.1266937255859375
0.11400651931762695
0.11679458618164062
0.11394000053405762
0.12903380393981934
0.12688016891479492
0.11462640762329102
0.11785721778869629
0.11016082763671875
0.10194134712219238
0.11034464836120605
0.13320302963256836
0.12235283851623535
0.12407135963439941
0.12090611457824707
0.1293654441833496
0.12534475326538086
0.12395334243774414
0.12974977493286133
0.10769319534301758
0.1279439926147461
0.12611889839172363
0.14198708534240723
0.1282815933227539
0.12366652488708496
0.1397697925567627
0.1117868423461914
0.12898945808410645
0.18428897857666016
0.13646173477172852
0.1259918212890625
0.1370847225189209
0.13195085525512695
0.12253880500793457
0.13907742500305176
0.12887334823608398
0.15232634544372559
0.1097869873046875
0.12432861328125
0.12570762634277344
0.11892223358154297
0.13788890838623047
0.1291048526763916
0.2514781951904297
0.13024473190307617
0.12947320938110352
0.12252092361450195
0.12607860565185547
0.13456487655639648
0.13391351699829102
0.1340169906616211
0.1273038387298584
0.1200261116027832
0.1293621063232422
0.15214848518371582
0.13963890075683594
0.1343073844909668
0.21074748039245605
0.1393752098083496
0.11610078811645508
0.13511157035827637
0.13231730461120605
0.1211404800415039
7.4681336879730225
0.13326144218444824
0.13019943237304688
0.12228560447692871
0.13318443298339844
0.10968446731567383
0.1143636703491211
0.10856270790100098
0.12115287780761719
0.10912108421325684
0.10376238822937012
0.1755053997039795
0.11260843276977539
0.12404823303222656
0.11747527122497559
0.11550140380859375
0.10981464385986328
0.09987831115722656
0.11416435241699219
0.11043024063110352
0.10949444770812988
0.12209343910217285
0.10470938682556152
0.11380720138549805
0.1028432846069336
0.10558676719665527
0.11312246322631836
0.10753798484802246
0.10082721710205078
0.10827422142028809
0.10474610328674316
0.10619258880615234
0.1137239933013916
0.10593676567077637
0.10824847221374512
0.10433149337768555
0.10476255416870117
0.11339974403381348
0.10561251640319824
0.11708235740661621
0.10989570617675781
0.10726571083068848
0.10239815711975098
0.14006662368774414
0.10733842849731445
0.11232876777648926
0.11297726631164551
0.1138467788696289
0.10267996788024902
0.11388707160949707
0.10994124412536621
0.10642862319946289
0.10817217826843262
0.10548996925354004
0.10539031028747559
0.10666799545288086
0.1124882698059082
0.10460662841796875
0.10700273513793945
0.0981144905090332
0.11429047584533691
200 requests in 31.80626344680786 seconds
Requests per second: 6.288069654408663
failed : 0
