0.12501907348632812
0.11117053031921387
0.11522841453552246
0.10437965393066406
0.10491561889648438
0.11139607429504395
0.11003875732421875
0.10138678550720215
0.10420536994934082
0.10970687866210938
0.1025855541229248
0.10660147666931152
0.11299467086791992
0.10504484176635742
0.10237717628479004
0.11334371566772461
0.10603952407836914
0.11497330665588379
0.10646796226501465
0.11066913604736328
0.17182445526123047
0.10962390899658203
0.10492658615112305
0.10642194747924805
0.11315035820007324
0.10390758514404297
0.10875463485717773
0.11390137672424316
0.11301088333129883
0.10123467445373535
0.11013364791870117
0.11598396301269531
0.15215134620666504
0.13538670539855957
0.1299741268157959
0.13979601860046387
0.12100362777709961
0.1287822723388672
0.12386178970336914
0.12375116348266602
0.13045310974121094
0.11983394622802734
0.1586458683013916
0.19695138931274414
0.15130281448364258
0.18445706367492676
0.16929888725280762
0.15572261810302734
0.18899130821228027
0.14537310600280762
0.19135165214538574
0.1710984706878662
1.1615879535675049
0.19932126998901367
0.12182855606079102
1.1773886680603027
0.14663004875183105
0.19533872604370117
0.1460413932800293
0.15406441688537598
0.17566943168640137
0.16920804977416992
0.14833760261535645
0.1446242332458496
0.23221635818481445
0.1713402271270752
0.16781067848205566
0.1716446876525879
0.14465117454528809
0.15988397598266602
0.19122719764709473
0.132354736328125
0.15102815628051758
0.14657211303710938
0.12960505485534668
0.1502847671508789
0.15696477890014648
0.17696499824523926
0.16838598251342773
0.1739649772644043
0.19728851318359375
0.14883828163146973
0.13776826858520508
0.15511631965637207
0.13603639602661133
0.17016291618347168
0.18948125839233398
0.1766963005065918
0.17587018013000488
0.17064356803894043
0.16949224472045898
0.15577054023742676
1.222806453704834
0.1653883457183838
0.12658476829528809
7.413629770278931
0.16405200958251953
0.15316224098205566
0.1853199005126953
0.1740434169769287
0.1505262851715088
0.1889820098876953
0.15473008155822754
0.14249396324157715
0.18054580688476562
0.17278742790222168
0.13150906562805176
0.16376495361328125
0.17046594619750977
0.16021203994750977
0.1768183708190918
0.16789913177490234
0.19890809059143066
0.17663097381591797
0.20766615867614746
0.17406153678894043
0.1683964729309082
0.18763089179992676
0.16785764694213867
0.16808557510375977
0.1683511734008789
7.244178771972656
0.1536242961883545
0.10154485702514648
1.1927175521850586
0.17260527610778809
0.14718914031982422
0.16185212135314941
0.16050362586975098
0.15085411071777344
0.18508338928222656
0.15645742416381836
0.13984060287475586
0.19037461280822754
0.215179443359375
0.16588854789733887
0.14912033081054688
0.16639089584350586
0.16954278945922852
0.1793215274810791
0.1511833667755127
0.20632290840148926
0.14383888244628906
1.1733667850494385
0.12504267692565918
0.11776566505432129
0.10222315788269043
0.10693550109863281
0.11330890655517578
0.10501909255981445
0.1007692813873291
0.11028528213500977
0.1067359447479248
0.10056853294372559
0.14355945587158203
0.14384245872497559
7.474198818206787
0.15309953689575195
0.16866493225097656
0.1506657600402832
0.1449265480041504
0.16683626174926758
0.1451261043548584
0.1645965576171875
0.16858196258544922
0.1192479133605957
0.16395187377929688
0.16454148292541504
0.15158867835998535
0.15288925170898438
0.12417364120483398
0.12552499771118164
0.1168375015258789
0.12014603614807129
0.11340093612670898
0.12130856513977051
0.12537479400634766
0.11817169189453125
0.1270122528076172
0.11472702026367188
0.1169278621673584
0.11801671981811523
0.24329447746276855
0.12383031845092773
0.10926008224487305
0.1193087100982666
0.10764789581298828
0.11073803901672363
0.11492586135864258
0.12273645401000977
0.1190338134765625
0.11012554168701172
0.11127424240112305
0.10695576667785645
0.11099720001220703
0.10409426689147949
0.10934734344482422
0.10975813865661621
0.10679435729980469
0.10658955574035645
200 requests in 55.63480305671692 seconds
Requests per second: 3.594872076676715
failed : 0
