0.1257779598236084
0.1119840145111084
0.10759115219116211
0.10112905502319336
0.10767865180969238
0.10619282722473145
0.12363529205322266
0.10884690284729004
0.10324263572692871
0.10395646095275879
0.10895967483520508
0.10403656959533691
0.10636019706726074
0.10962963104248047
0.09977865219116211
0.0978844165802002
0.10979914665222168
0.10835838317871094
0.09966158866882324
0.10605859756469727
0.11112546920776367
0.10142922401428223
0.10515975952148438
0.11202669143676758
0.09047365188598633
0.10243034362792969
0.11353921890258789
0.1018526554107666
0.09527587890625
0.10762858390808105
0.10739421844482422
0.09609031677246094
0.1130521297454834
0.10281109809875488
0.11248993873596191
0.10123157501220703
0.11925601959228516
0.10581207275390625
0.10585379600524902
0.09547948837280273
0.09952616691589355
0.10825133323669434
0.09738707542419434
0.11020183563232422
0.09848976135253906
0.09786200523376465
0.10262703895568848
0.10276412963867188
0.10449552536010742
0.1062624454498291
0.09220600128173828
0.09927606582641602
0.1140890121459961
0.10514163970947266
0.10835146903991699
0.11770200729370117
0.10050368309020996
0.10323238372802734
0.10927104949951172
0.10245823860168457
0.10987973213195801
0.10287809371948242
0.10488390922546387
0.09889650344848633
0.11017847061157227
0.1039886474609375
0.097686767578125
0.09081029891967773
0.10124373435974121
0.11062288284301758
0.10069084167480469
0.10559320449829102
0.10733532905578613
0.10225963592529297
0.09550619125366211
0.11440348625183105
0.11675238609313965
0.10359954833984375
0.1080479621887207
0.10933542251586914
0.10619974136352539
0.11498761177062988
0.1503009796142578
0.11641144752502441
0.11224532127380371
0.1116189956665039
0.11030077934265137
0.10486817359924316
0.09764814376831055
0.10526633262634277
0.10109448432922363
0.10527229309082031
0.11774110794067383
0.10444927215576172
0.10309672355651855
0.1002342700958252
0.09827232360839844
0.1016230583190918
0.10125184059143066
0.11229372024536133
0.12370491027832031
0.10820770263671875
0.10901498794555664
0.09570527076721191
0.1028599739074707
0.10338306427001953
0.1028892993927002
0.09834599494934082
0.10080671310424805
0.09084606170654297
0.10677599906921387
0.11930632591247559
0.11580681800842285
0.10182929039001465
0.09781575202941895
0.10029959678649902
0.11299467086791992
0.11226081848144531
0.10545539855957031
0.10593342781066895
0.10950756072998047
0.1152808666229248
0.11910271644592285
0.10889458656311035
0.11369681358337402
0.10324692726135254
0.1017608642578125
0.10040116310119629
0.09532046318054199
0.19805693626403809
0.10041642189025879
0.10313749313354492
0.09647655487060547
0.10126638412475586
0.10608696937561035
0.1027226448059082
0.12089657783508301
0.1580040454864502
0.21303200721740723
0.10961055755615234
0.11119389533996582
0.10710263252258301
0.10439062118530273
0.10942292213439941
0.10564708709716797
0.10329723358154297
0.10851788520812988
0.10613059997558594
0.10268950462341309
0.10518598556518555
0.10642409324645996
0.10348820686340332
0.10374784469604492
0.10952305793762207
0.10223388671875
0.10694479942321777
0.11568546295166016
0.10825896263122559
0.10082101821899414
0.10571765899658203
0.10224413871765137
0.10634756088256836
0.1076359748840332
0.10961437225341797
0.10343146324157715
0.11617422103881836
0.10711431503295898
0.10633659362792969
0.10893368721008301
0.11393189430236816
0.10119080543518066
0.10887336730957031
0.10742068290710449
0.13121414184570312
0.10399460792541504
0.10537576675415039
0.10511493682861328
0.10731649398803711
0.10019135475158691
0.11126184463500977
0.11084318161010742
0.1077125072479248
0.10916924476623535
0.1156303882598877
0.10162544250488281
0.10299038887023926
0.10378623008728027
0.1076960563659668
0.1062314510345459
0.10895538330078125
0.10962939262390137
0.10635495185852051
0.11482858657836914
0.10721635818481445
0.10074400901794434
0.10439038276672363
0.09558868408203125
0.10710835456848145
0.1033940315246582
0.11097073554992676
200 requests in 21.519880771636963 seconds
Requests per second: 9.293731787938084
failed : 0
