0.11495018005371094
0.12691664695739746
0.11146140098571777
0.10921812057495117
0.10836076736450195
0.10778570175170898
0.10071444511413574
0.16312932968139648
0.12032294273376465
0.17070865631103516
0.11175942420959473
0.10530757904052734
0.18938875198364258
0.12256407737731934
0.19695115089416504
0.19911432266235352
0.104949951171875
0.17980313301086426
0.21195745468139648
0.12003898620605469
0.3628199100494385
0.1039113998413086
0.3504903316497803
0.39287424087524414
0.5454685688018799
0.4705848693847656
0.49559783935546875
0.48336100578308105
0.49167466163635254
0.5030629634857178
0.49861717224121094
0.5100317001342773
0.4931933879852295
0.46709561347961426
0.5019328594207764
0.49228692054748535
0.4827735424041748
0.4971024990081787
0.4975728988647461
0.4980177879333496
0.47039318084716797
0.4527750015258789
0.46298980712890625
0.4516115188598633
0.48899102210998535
0.46364927291870117
0.8804826736450195
0.4545269012451172
0.4700000286102295
0.43553662300109863
0.457322359085083
0.4411039352416992
0.4645731449127197
0.44586658477783203
0.5294437408447266
0.5003397464752197
0.4902493953704834
0.4957268238067627
0.5003781318664551
0.5581374168395996
0.4890172481536865
0.4884521961212158
0.48305392265319824
0.4809441566467285
0.5411829948425293
0.46064186096191406
0.46794629096984863
0.47476935386657715
0.4693443775177002
0.48026394844055176
0.4637444019317627
0.11726641654968262
0.46290063858032227
0.49268221855163574
0.46475839614868164
0.524437427520752
0.4664890766143799
0.47850584983825684
0.4752669334411621
0.49103331565856934
0.1120607852935791
0.4393801689147949
0.4460310935974121
0.4460132122039795
0.44014549255371094
0.44640183448791504
0.42652058601379395
0.47467827796936035
0.4280686378479004
0.46061086654663086
0.4341416358947754
0.4332437515258789
0.4523499011993408
0.4356510639190674
0.6434266567230225
0.10784435272216797
0.4238145351409912
0.45592379570007324
0.4293341636657715
0.4808497428894043
0.44617629051208496
1.4394969940185547
0.43709707260131836
0.43822288513183594
0.1080026626586914
0.42525672912597656
0.45021796226501465
0.10606837272644043
0.4370458126068115
0.6024658679962158
0.446331262588501
0.4991278648376465
0.4548001289367676
0.4558534622192383
0.4379568099975586
0.4406723976135254
0.44030022621154785
0.4328601360321045
0.43782591819763184
0.4356808662414551
0.476820707321167
0.4408895969390869
0.4622795581817627
0.4444422721862793
0.4393625259399414
0.4340696334838867
0.4462616443634033
0.4694375991821289
0.5410916805267334
0.43084049224853516
0.4894721508026123
0.5519649982452393
0.43833136558532715
0.44134521484375
0.43973755836486816
0.4402449131011963
0.4289689064025879
0.4262871742248535
0.12212586402893066
0.44039297103881836
0.44663548469543457
0.5029692649841309
0.8763163089752197
0.4608602523803711
0.47869110107421875
0.5152137279510498
0.5033316612243652
0.44980406761169434
0.4461817741394043
0.4329185485839844
0.45926737785339355
0.4521644115447998
0.47237634658813477
0.11031103134155273
0.4466392993927002
0.46663880348205566
0.46440601348876953
0.4427962303161621
0.44426941871643066
0.45775818824768066
0.4820291996002197
0.4473426342010498
0.47049570083618164
0.4438345432281494
0.5038955211639404
0.44703030586242676
0.448411226272583
0.4371676445007324
0.43659543991088867
0.4567995071411133
0.4327075481414795
0.4487905502319336
0.46106410026550293
0.11697769165039062
0.46245598793029785
0.45705676078796387
0.5025825500488281
0.4836244583129883
0.5043153762817383
0.44333696365356445
0.4537224769592285
0.45946240425109863
0.46222686767578125
0.45264220237731934
0.4481818675994873
0.4426279067993164
0.4582643508911133
0.4595017433166504
0.42781686782836914
0.4572794437408447
0.46277856826782227
0.4497382640838623
0.44414544105529785
0.4779691696166992
0.4589815139770508
0.43190646171569824
0.44481897354125977
0.4921875
0.48131346702575684
0.48630666732788086
200 requests in 85.06449317932129 seconds
Requests per second: 2.351157251691225
failed : 0
